			d0	d1	d2	d3	sum	avg
chain  0 asic 000 adc:	0.00	0.00	0.00	0.00	0.00	0.00
chain  0 asic 001 adc:	0.00	0.00	0.00	0.00	0.00	0.00
chain  0 asic 002 adc:	0.00	0.00	0.00	0.00	0.00	0.00
chain  0 asic 003 adc:	0.00	0.00	0.00	0.00	0.00	0.00
chain  0 asic 004 adc:	0.00	0.00	0.00	0.00	0.00	0.00
chain  0 asic 005 adc:	0.00	0.00	0.00	0.00	0.00	0.00
chain  0 asic 006 adc:	0.00	0.00	0.00	0.00	0.00	0.00
chain  0 asic 007 adc:	0.00	0.00	0.00	0.00	0.00	0.00
chain  0 asic 008 adc:	0.00	0.00	0.00	0.00	0.00	0.00
chain  0 asic 009 adc:	0.00	0.00	0.00	0.00	0.00	0.00
chain  0 asic 010 adc:	0.00	0.00	0.00	0.00	0.00	0.00
chain  0 asic 011 adc:	0.00	0.00	0.00	0.00	0.00	0.00
chain  0 asic 012 adc:	0.00	0.00	0.00	0.00	0.00	0.00
chain  0 asic 013 adc:	0.00	0.00	0.00	0.00	0.00	0.00
chain  0 asic 014 adc:	0.00	0.00	0.00	0.00	0.00	0.00
chain  0 asic 015 adc:	0.00	0.00	0.00	0.00	0.00	0.00
chain  0 asic 016 adc:	0.00	0.00	0.00	0.00	0.00	0.00
chain  0 asic 017 adc:	0.00	0.00	0.00	0.00	0.00	0.00
chain  0 asic 018 adc:	0.00	0.00	0.00	0.00	0.00	0.00
chain  0 asic 019 adc:	0.00	0.00	0.00	0.00	0.00	0.00
chain  0 asic 020 adc:	0.00	0.00	0.00	0.00	0.00	0.00
chain  0 asic 021 adc:	0.00	0.00	0.00	0.00	0.00	0.00
chain  0 asic 022 adc:	0.00	0.00	0.00	0.00	0.00	0.00
chain  0 asic 023 adc:	0.00	0.00	0.00	0.00	0.00	0.00
chain  0 asic 024 adc:	0.00	0.00	0.00	0.00	0.00	0.00
chain  0 asic 025 adc:	0.00	0.00	0.00	0.00	0.00	0.00
chain  0 asic 026 adc:	0.00	0.00	0.00	0.00	0.00	0.00
chain  0 asic 027 adc:	0.00	0.00	0.00	0.00	0.00	0.00
chain  0 asic 028 adc:	0.00	0.00	0.00	0.00	0.00	0.00
chain  0 asic 029 adc:	0.00	0.00	0.00	0.00	0.00	0.00
chain  0 asic 030 adc:	0.00	0.00	0.00	0.00	0.00	0.00
chain  0 asic 031 adc:	0.00	0.00	0.00	0.00	0.00	0.00
chain  0 asic 032 adc:	0.00	0.00	0.00	0.00	0.00	0.00
chain  0 asic 033 adc:	0.00	0.00	0.00	0.00	0.00	0.00
chain  0 asic 034 adc:	0.00	0.00	0.00	0.00	0.00	0.00
chain  0 asic 035 adc:	0.00	0.00	0.00	0.00	0.00	0.00
chain  0 asic 036 adc:	0.00	0.00	0.00	0.00	0.00	0.00
chain  0 asic 037 adc:	0.00	0.00	0.00	0.00	0.00	0.00
chain  0 asic 038 adc:	0.00	0.00	0.00	0.00	0.00	0.00
chain  0 asic 039 adc:	0.00	0.00	0.00	0.00	0.00	0.00
chain  0 asic 040 adc:	0.00	0.00	0.00	0.00	0.00	0.00
chain  0 asic 041 adc:	0.00	0.00	0.00	0.00	0.00	0.00
chain  0 asic 042 adc:	0.00	0.00	0.00	0.00	0.00	0.00
chain  0 asic 043 adc:	0.00	0.00	0.00	0.00	0.00	0.00
chain  0 asic 044 adc:	0.00	0.00	0.00	0.00	0.00	0.00
chain  0 asic 045 adc:	0.00	0.00	0.00	0.00	0.00	0.00
chain  0 asic 046 adc:	0.00	0.00	0.00	0.00	0.00	0.00
chain  0 asic 047 adc:	0.00	0.00	0.00	0.00	0.00	0.00
chain  0 asic 048 adc:	0.00	0.00	0.00	0.00	0.00	0.00
chain  0 asic 049 adc:	0.00	0.00	0.00	0.00	0.00	0.00
chain  0 asic 050 adc:	0.00	0.00	0.00	0.00	0.00	0.00
chain  0 asic 051 adc:	0.00	0.00	0.00	0.00	0.00	0.00
chain  0 asic 052 adc:	0.00	0.00	0.00	0.00	0.00	0.00
chain  0 asic 053 adc:	0.00	0.00	0.00	0.00	0.00	0.00
chain  0 asic 054 adc:	0.00	0.00	0.00	0.00	0.00	0.00
chain  0 asic 055 adc:	0.00	0.00	0.00	0.00	0.00	0.00
chain  0 asic 056 adc:	0.00	0.00	0.00	0.00	0.00	0.00
chain  0 asic 057 adc:	0.00	0.00	0.00	0.00	0.00	0.00
chain  0 asic 058 adc:	0.00	0.00	0.00	0.00	0.00	0.00
chain  0 asic 059 adc:	0.00	0.00	0.00	0.00	0.00	0.00
chain  0 asic 060 adc:	0.00	0.00	0.00	0.00	0.00	0.00
chain  0 asic 061 adc:	0.00	0.00	0.00	0.00	0.00	0.00
chain  0 asic 062 adc:	0.00	0.00	0.00	0.00	0.00	0.00
chain  0 asic 063 adc:	0.00	0.00	0.00	0.00	0.00	0.00
chain  0 asic 064 adc:	0.00	0.00	0.00	0.00	0.00	0.00
chain  0 asic 065 adc:	0.00	0.00	0.00	0.00	0.00	0.00
chain  0 asic 066 adc:	0.00	0.00	0.00	0.00	0.00	0.00
chain  0 asic 067 adc:	0.00	0.00	0.00	0.00	0.00	0.00
chain  0 asic 068 adc:	0.00	0.00	0.00	0.00	0.00	0.00
chain  0 asic 069 adc:	0.00	0.00	0.00	0.00	0.00	0.00
chain  0 asic 070 adc:	0.00	0.00	0.00	0.00	0.00	0.00
chain  0 asic 071 adc:	0.00	0.00	0.00	0.00	0.00	0.00
chain  0 asic 072 adc:	0.00	0.00	0.00	0.00	0.00	0.00
chain  0 asic 073 adc:	0.00	0.00	0.00	0.00	0.00	0.00
chain  0 asic 074 adc:	0.00	0.00	0.00	0.00	0.00	0.00
chain  0 asic 075 adc:	0.00	0.00	0.00	0.00	0.00	0.00
chain  0 asic 076 adc:	0.00	0.00	0.00	0.00	0.00	0.00
chain  0 asic 077 adc:	0.00	0.00	0.00	0.00	0.00	0.00
chain  0 asic 078 adc:	0.00	0.00	0.00	0.00	0.00	0.00
chain  0 asic 079 adc:	0.00	0.00	0.00	0.00	0.00	0.00
chain  0 asic 080 adc:	0.00	0.00	0.00	0.00	0.00	0.00
chain  0 asic 081 adc:	0.00	0.00	0.00	0.00	0.00	0.00
chain  0 asic 082 adc:	0.00	0.00	0.00	0.00	0.00	0.00
chain  0 asic 083 adc:	0.00	0.00	0.00	0.00	0.00	0.00
chain  0 asic 084 adc:	0.00	0.00	0.00	0.00	0.00	0.00
chain  0 asic 085 adc:	0.00	0.00	0.00	0.00	0.00	0.00
chain  0 asic 086 adc:	0.00	0.00	0.00	0.00	0.00	0.00
chain  0 asic 087 adc:	0.00	0.00	0.00	0.00	0.00	0.00
chain  0 asic 088 adc:	0.00	0.00	0.00	0.00	0.00	0.00
chain  0 asic 089 adc:	0.00	0.00	0.00	0.00	0.00	0.00
chain  0 asic 090 adc:	0.00	0.00	0.00	0.00	0.00	0.00
			d0	d1	d2	d3	sum	avg
chain  1 asic 000 adc:	0.00	0.00	0.00	0.00	0.00	0.00
chain  1 asic 001 adc:	0.00	0.00	0.00	0.00	0.00	0.00
chain  1 asic 002 adc:	0.00	0.00	0.00	0.00	0.00	0.00
chain  1 asic 003 adc:	0.00	0.00	0.00	0.00	0.00	0.00
chain  1 asic 004 adc:	0.00	0.00	0.00	0.00	0.00	0.00
chain  1 asic 005 adc:	0.00	0.00	0.00	0.00	0.00	0.00
chain  1 asic 006 adc:	0.00	0.00	0.00	0.00	0.00	0.00
chain  1 asic 007 adc:	0.00	0.00	0.00	0.00	0.00	0.00
chain  1 asic 008 adc:	0.00	0.00	0.00	0.00	0.00	0.00
chain  1 asic 009 adc:	0.00	0.00	0.00	0.00	0.00	0.00
chain  1 asic 010 adc:	0.00	0.00	0.00	0.00	0.00	0.00
chain  1 asic 011 adc:	0.00	0.00	0.00	0.00	0.00	0.00
chain  1 asic 012 adc:	0.00	0.00	0.00	0.00	0.00	0.00
chain  1 asic 013 adc:	0.00	0.00	0.00	0.00	0.00	0.00
chain  1 asic 014 adc:	0.00	0.00	0.00	0.00	0.00	0.00
chain  1 asic 015 adc:	0.00	0.00	0.00	0.00	0.00	0.00
chain  1 asic 016 adc:	0.00	0.00	0.00	0.00	0.00	0.00
chain  1 asic 017 adc:	0.00	0.00	0.00	0.00	0.00	0.00
chain  1 asic 018 adc:	0.00	0.00	0.00	0.00	0.00	0.00
chain  1 asic 019 adc:	0.00	0.00	0.00	0.00	0.00	0.00
chain  1 asic 020 adc:	0.00	0.00	0.00	0.00	0.00	0.00
chain  1 asic 021 adc:	0.00	0.00	0.00	0.00	0.00	0.00
chain  1 asic 022 adc:	0.00	0.00	0.00	0.00	0.00	0.00
chain  1 asic 023 adc:	0.00	0.00	0.00	0.00	0.00	0.00
chain  1 asic 024 adc:	0.00	0.00	0.00	0.00	0.00	0.00
chain  1 asic 025 adc:	0.00	0.00	0.00	0.00	0.00	0.00
chain  1 asic 026 adc:	0.00	0.00	0.00	0.00	0.00	0.00
chain  1 asic 027 adc:	0.00	0.00	0.00	0.00	0.00	0.00
chain  1 asic 028 adc:	0.00	0.00	0.00	0.00	0.00	0.00
chain  1 asic 029 adc:	0.00	0.00	0.00	0.00	0.00	0.00
chain  1 asic 030 adc:	0.00	0.00	0.00	0.00	0.00	0.00
chain  1 asic 031 adc:	0.00	0.00	0.00	0.00	0.00	0.00
chain  1 asic 032 adc:	0.00	0.00	0.00	0.00	0.00	0.00
chain  1 asic 033 adc:	0.00	0.00	0.00	0.00	0.00	0.00
chain  1 asic 034 adc:	0.00	0.00	0.00	0.00	0.00	0.00
chain  1 asic 035 adc:	0.00	0.00	0.00	0.00	0.00	0.00
chain  1 asic 036 adc:	0.00	0.00	0.00	0.00	0.00	0.00
chain  1 asic 037 adc:	0.00	0.00	0.00	0.00	0.00	0.00
chain  1 asic 038 adc:	0.00	0.00	0.00	0.00	0.00	0.00
chain  1 asic 039 adc:	0.00	0.00	0.00	0.00	0.00	0.00
chain  1 asic 040 adc:	0.00	0.00	0.00	0.00	0.00	0.00
chain  1 asic 041 adc:	0.00	0.00	0.00	0.00	0.00	0.00
chain  1 asic 042 adc:	0.00	0.00	0.00	0.00	0.00	0.00
chain  1 asic 043 adc:	0.00	0.00	0.00	0.00	0.00	0.00
chain  1 asic 044 adc:	0.00	0.00	0.00	0.00	0.00	0.00
chain  1 asic 045 adc:	0.00	0.00	0.00	0.00	0.00	0.00
chain  1 asic 046 adc:	0.00	0.00	0.00	0.00	0.00	0.00
chain  1 asic 047 adc:	0.00	0.00	0.00	0.00	0.00	0.00
chain  1 asic 048 adc:	0.00	0.00	0.00	0.00	0.00	0.00
chain  1 asic 049 adc:	0.00	0.00	0.00	0.00	0.00	0.00
chain  1 asic 050 adc:	0.00	0.00	0.00	0.00	0.00	0.00
chain  1 asic 051 adc:	0.00	0.00	0.00	0.00	0.00	0.00
chain  1 asic 052 adc:	0.00	0.00	0.00	0.00	0.00	0.00
chain  1 asic 053 adc:	0.00	0.00	0.00	0.00	0.00	0.00
chain  1 asic 054 adc:	0.00	0.00	0.00	0.00	0.00	0.00
chain  1 asic 055 adc:	0.00	0.00	0.00	0.00	0.00	0.00
chain  1 asic 056 adc:	0.00	0.00	0.00	0.00	0.00	0.00
chain  1 asic 057 adc:	0.00	0.00	0.00	0.00	0.00	0.00
chain  1 asic 058 adc:	0.00	0.00	0.00	0.00	0.00	0.00
chain  1 asic 059 adc:	0.00	0.00	0.00	0.00	0.00	0.00
chain  1 asic 060 adc:	0.00	0.00	0.00	0.00	0.00	0.00
chain  1 asic 061 adc:	0.00	0.00	0.00	0.00	0.00	0.00
chain  1 asic 062 adc:	0.00	0.00	0.00	0.00	0.00	0.00
chain  1 asic 063 adc:	0.00	0.00	0.00	0.00	0.00	0.00
chain  1 asic 064 adc:	0.00	0.00	0.00	0.00	0.00	0.00
chain  1 asic 065 adc:	0.00	0.00	0.00	0.00	0.00	0.00
chain  1 asic 066 adc:	0.00	0.00	0.00	0.00	0.00	0.00
chain  1 asic 067 adc:	0.00	0.00	0.00	0.00	0.00	0.00
chain  1 asic 068 adc:	0.00	0.00	0.00	0.00	0.00	0.00
chain  1 asic 069 adc:	0.00	0.00	0.00	0.00	0.00	0.00
chain  1 asic 070 adc:	0.00	0.00	0.00	0.00	0.00	0.00
chain  1 asic 071 adc:	0.00	0.00	0.00	0.00	0.00	0.00
chain  1 asic 072 adc:	0.00	0.00	0.00	0.00	0.00	0.00
chain  1 asic 073 adc:	0.00	0.00	0.00	0.00	0.00	0.00
chain  1 asic 074 adc:	0.00	0.00	0.00	0.00	0.00	0.00
chain  1 asic 075 adc:	0.00	0.00	0.00	0.00	0.00	0.00
chain  1 asic 076 adc:	0.00	0.00	0.00	0.00	0.00	0.00
chain  1 asic 077 adc:	0.00	0.00	0.00	0.00	0.00	0.00
chain  1 asic 078 adc:	0.00	0.00	0.00	0.00	0.00	0.00
chain  1 asic 079 adc:	0.00	0.00	0.00	0.00	0.00	0.00
chain  1 asic 080 adc:	0.00	0.00	0.00	0.00	0.00	0.00
chain  1 asic 081 adc:	0.00	0.00	0.00	0.00	0.00	0.00
chain  1 asic 082 adc:	0.00	0.00	0.00	0.00	0.00	0.00
chain  1 asic 083 adc:	0.00	0.00	0.00	0.00	0.00	0.00
chain  1 asic 084 adc:	0.00	0.00	0.00	0.00	0.00	0.00
chain  1 asic 085 adc:	0.00	0.00	0.00	0.00	0.00	0.00
chain  1 asic 086 adc:	0.00	0.00	0.00	0.00	0.00	0.00
chain  1 asic 087 adc:	0.00	0.00	0.00	0.00	0.00	0.00
chain  1 asic 088 adc:	0.00	0.00	0.00	0.00	0.00	0.00
chain  1 asic 089 adc:	0.00	0.00	0.00	0.00	0.00	0.00
chain  1 asic 090 adc:	0.00	0.00	0.00	0.00	0.00	0.00
			d0	d1	d2	d3	sum	avg
chain  2 asic 000 adc:	0.00	0.00	0.00	0.00	0.00	0.00
chain  2 asic 001 adc:	0.00	0.00	0.00	0.00	0.00	0.00
chain  2 asic 002 adc:	0.00	0.00	0.00	0.00	0.00	0.00
chain  2 asic 003 adc:	0.00	0.00	0.00	0.00	0.00	0.00
chain  2 asic 004 adc:	0.00	0.00	0.00	0.00	0.00	0.00
chain  2 asic 005 adc:	0.00	0.00	0.00	0.00	0.00	0.00
chain  2 asic 006 adc:	0.00	0.00	0.00	0.00	0.00	0.00
chain  2 asic 007 adc:	0.00	0.00	0.00	0.00	0.00	0.00
chain  2 asic 008 adc:	0.00	0.00	0.00	0.00	0.00	0.00
chain  2 asic 009 adc:	0.00	0.00	0.00	0.00	0.00	0.00
chain  2 asic 010 adc:	0.00	0.00	0.00	0.00	0.00	0.00
chain  2 asic 011 adc:	0.00	0.00	0.00	0.00	0.00	0.00
chain  2 asic 012 adc:	0.00	0.00	0.00	0.00	0.00	0.00
chain  2 asic 013 adc:	0.00	0.00	0.00	0.00	0.00	0.00
chain  2 asic 014 adc:	0.00	0.00	0.00	0.00	0.00	0.00
chain  2 asic 015 adc:	0.00	0.00	0.00	0.00	0.00	0.00
chain  2 asic 016 adc:	0.00	0.00	0.00	0.00	0.00	0.00
chain  2 asic 017 adc:	0.00	0.00	0.00	0.00	0.00	0.00
chain  2 asic 018 adc:	0.00	0.00	0.00	0.00	0.00	0.00
chain  2 asic 019 adc:	0.00	0.00	0.00	0.00	0.00	0.00
chain  2 asic 020 adc:	0.00	0.00	0.00	0.00	0.00	0.00
chain  2 asic 021 adc:	0.00	0.00	0.00	0.00	0.00	0.00
chain  2 asic 022 adc:	0.00	0.00	0.00	0.00	0.00	0.00
chain  2 asic 023 adc:	0.00	0.00	0.00	0.00	0.00	0.00
chain  2 asic 024 adc:	0.00	0.00	0.00	0.00	0.00	0.00
chain  2 asic 025 adc:	0.00	0.00	0.00	0.00	0.00	0.00
chain  2 asic 026 adc:	0.00	0.00	0.00	0.00	0.00	0.00
chain  2 asic 027 adc:	0.00	0.00	0.00	0.00	0.00	0.00
chain  2 asic 028 adc:	0.00	0.00	0.00	0.00	0.00	0.00
chain  2 asic 029 adc:	0.00	0.00	0.00	0.00	0.00	0.00
chain  2 asic 030 adc:	0.00	0.00	0.00	0.00	0.00	0.00
chain  2 asic 031 adc:	0.00	0.00	0.00	0.00	0.00	0.00
chain  2 asic 032 adc:	0.00	0.00	0.00	0.00	0.00	0.00
chain  2 asic 033 adc:	0.00	0.00	0.00	0.00	0.00	0.00
chain  2 asic 034 adc:	0.00	0.00	0.00	0.00	0.00	0.00
chain  2 asic 035 adc:	0.00	0.00	0.00	0.00	0.00	0.00
chain  2 asic 036 adc:	0.00	0.00	0.00	0.00	0.00	0.00
chain  2 asic 037 adc:	0.00	0.00	0.00	0.00	0.00	0.00
chain  2 asic 038 adc:	0.00	0.00	0.00	0.00	0.00	0.00
chain  2 asic 039 adc:	0.00	0.00	0.00	0.00	0.00	0.00
chain  2 asic 040 adc:	0.00	0.00	0.00	0.00	0.00	0.00
chain  2 asic 041 adc:	0.00	0.00	0.00	0.00	0.00	0.00
chain  2 asic 042 adc:	0.00	0.00	0.00	0.00	0.00	0.00
chain  2 asic 043 adc:	0.00	0.00	0.00	0.00	0.00	0.00
chain  2 asic 044 adc:	0.00	0.00	0.00	0.00	0.00	0.00
chain  2 asic 045 adc:	0.00	0.00	0.00	0.00	0.00	0.00
chain  2 asic 046 adc:	0.00	0.00	0.00	0.00	0.00	0.00
chain  2 asic 047 adc:	0.00	0.00	0.00	0.00	0.00	0.00
chain  2 asic 048 adc:	0.00	0.00	0.00	0.00	0.00	0.00
chain  2 asic 049 adc:	0.00	0.00	0.00	0.00	0.00	0.00
chain  2 asic 050 adc:	0.00	0.00	0.00	0.00	0.00	0.00
chain  2 asic 051 adc:	0.00	0.00	0.00	0.00	0.00	0.00
chain  2 asic 052 adc:	0.00	0.00	0.00	0.00	0.00	0.00
chain  2 asic 053 adc:	0.00	0.00	0.00	0.00	0.00	0.00
chain  2 asic 054 adc:	0.00	0.00	0.00	0.00	0.00	0.00
chain  2 asic 055 adc:	0.00	0.00	0.00	0.00	0.00	0.00
chain  2 asic 056 adc:	0.00	0.00	0.00	0.00	0.00	0.00
chain  2 asic 057 adc:	0.00	0.00	0.00	0.00	0.00	0.00
chain  2 asic 058 adc:	0.00	0.00	0.00	0.00	0.00	0.00
chain  2 asic 059 adc:	0.00	0.00	0.00	0.00	0.00	0.00
chain  2 asic 060 adc:	0.00	0.00	0.00	0.00	0.00	0.00
chain  2 asic 061 adc:	0.00	0.00	0.00	0.00	0.00	0.00
chain  2 asic 062 adc:	0.00	0.00	0.00	0.00	0.00	0.00
chain  2 asic 063 adc:	0.00	0.00	0.00	0.00	0.00	0.00
chain  2 asic 064 adc:	0.00	0.00	0.00	0.00	0.00	0.00
chain  2 asic 065 adc:	0.00	0.00	0.00	0.00	0.00	0.00
chain  2 asic 066 adc:	0.00	0.00	0.00	0.00	0.00	0.00
chain  2 asic 067 adc:	0.00	0.00	0.00	0.00	0.00	0.00
chain  2 asic 068 adc:	0.00	0.00	0.00	0.00	0.00	0.00
chain  2 asic 069 adc:	0.00	0.00	0.00	0.00	0.00	0.00
chain  2 asic 070 adc:	0.00	0.00	0.00	0.00	0.00	0.00
chain  2 asic 071 adc:	0.00	0.00	0.00	0.00	0.00	0.00
chain  2 asic 072 adc:	0.00	0.00	0.00	0.00	0.00	0.00
chain  2 asic 073 adc:	0.00	0.00	0.00	0.00	0.00	0.00
chain  2 asic 074 adc:	0.00	0.00	0.00	0.00	0.00	0.00
chain  2 asic 075 adc:	0.00	0.00	0.00	0.00	0.00	0.00
chain  2 asic 076 adc:	0.00	0.00	0.00	0.00	0.00	0.00
chain  2 asic 077 adc:	0.00	0.00	0.00	0.00	0.00	0.00
chain  2 asic 078 adc:	0.00	0.00	0.00	0.00	0.00	0.00
chain  2 asic 079 adc:	0.00	0.00	0.00	0.00	0.00	0.00
chain  2 asic 080 adc:	0.00	0.00	0.00	0.00	0.00	0.00
chain  2 asic 081 adc:	0.00	0.00	0.00	0.00	0.00	0.00
chain  2 asic 082 adc:	0.00	0.00	0.00	0.00	0.00	0.00
chain  2 asic 083 adc:	0.00	0.00	0.00	0.00	0.00	0.00
chain  2 asic 084 adc:	0.00	0.00	0.00	0.00	0.00	0.00
chain  2 asic 085 adc:	0.00	0.00	0.00	0.00	0.00	0.00
chain  2 asic 086 adc:	0.00	0.00	0.00	0.00	0.00	0.00
chain  2 asic 087 adc:	0.00	0.00	0.00	0.00	0.00	0.00
chain  2 asic 088 adc:	0.00	0.00	0.00	0.00	0.00	0.00
chain  2 asic 089 adc:	0.00	0.00	0.00	0.00	0.00	0.00
chain  2 asic 090 adc:	0.00	0.00	0.00	0.00	0.00	0.00
